Wielomian interpolacyjny Newtona w punktach le¿¹cych w przedziale <-3,3>
dla funkcji f(x)=|cos(x)*x|
Wezly rownolegle n=7
Wartosci w wezlach:
x0: -3                  y0: 2.96998
x1: -2.14286            y1: 1.16007
x2: -1.28571            y2: 0.361589
x3: -0.428571           y3: 0.389812
x4: 0.428571            y4: 0.389812
x5: 1.28571             y5: 0.361589
x6: 2.14286             y6: 1.16007
x7: 3                   y7: 2.96998

Wartosci w 150 wezlach
i     x       f(x)                L(x)                error
0     -3      2.96998             2.96998             0                   
1     -2.96   2.91133             2.89105             0.0202808           
2     -2.92   2.8486              2.80871             0.0398873           
3     -2.88   2.78202             2.72356             0.0584556           
4     -2.84   2.71182             2.63615             0.0756628           
5     -2.8    2.63822             2.547               0.0912252           
6     -2.76   2.56148             2.45658             0.104896            
7     -2.72   2.48183             2.36537             0.116465            
8     -2.68   2.39952             2.27377             0.125756            
9     -2.64   2.3148              2.18217             0.132625            
10    -2.6    2.22791             2.09095             0.136957            
11    -2.56   2.13911             2.00044             0.138669            
12    -2.52   2.04864             1.91093             0.137705            
13    -2.48   1.95676             1.82272             0.134033            
14    -2.44   1.86371             1.73606             0.127648            
15    -2.4    1.76974             1.65118             0.118566            
16    -2.36   1.67511             1.56829             0.106824            
17    -2.32   1.58005             1.48757             0.0924803           
18    -2.28   1.4848              1.40919             0.075611            
19    -2.24   1.38961             1.3333              0.0563089           
20    -2.2    1.2947              1.26002             0.0346823           
21    -2.16   1.20031             1.18946             0.0108534           
22    -2.12   1.10666             1.1217              0.0150425           
23    -2.08   1.01396             1.05682             0.0428591           
24    -2.04   0.922439            0.994879            0.0724398           
25    -2      0.832294            0.935913            0.103619            
26    -1.96   0.743725            0.87995             0.136225            
27    -1.92   0.656927            0.827004            0.170077            
28    -1.88   0.572084            0.777076            0.204992            
29    -1.84   0.489374            0.730154            0.24078             
30    -1.8    0.408964            0.686215            0.277251            
31    -1.76   0.331015            0.645227            0.314212            
32    -1.72   0.255679            0.607146            0.351467            
33    -1.68   0.183098            0.571921            0.388823            
34    -1.64   0.113403            0.539491            0.426088            
35    -1.6    0.0467192           0.509789            0.46307             
36    -1.56   0.0168419           0.482738            0.465896            
37    -1.52   0.0771772           0.458258            0.381081            
38    -1.48   0.134194            0.436261            0.302067            
39    -1.44   0.18781             0.416654            0.228844            
40    -1.4    0.237954            0.39934             0.161386            
41    -1.36   0.284565            0.384218            0.0996534           
42    -1.32   0.327592            0.371183            0.0435913           
43    -1.28   0.366995            0.360127            0.00686848          
44    -1.24   0.402747            0.35094             0.0518072           
45    -1.2    0.434829            0.34351             0.0913189           
46    -1.16   0.463234            0.337724            0.12551             
47    -1.12   0.487964            0.333467            0.154497            
48    -1.08   0.509035            0.330624            0.17841             
49    -1.04   0.526469            0.329081            0.197388            
50    -1      0.540302            0.328723            0.21158             
51    -0.96   0.550579            0.329436            0.221144            
52    -0.92   0.557355            0.331108            0.226247            
53    -0.88   0.560693            0.333628            0.227065            
54    -0.84   0.560669            0.336888            0.223781            
55    -0.8    0.557365            0.340781            0.216585            
56    -0.76   0.550875            0.345203            0.205672            
57    -0.72   0.5413              0.350054            0.191246            
58    -0.68   0.528749            0.355237            0.173513            
59    -0.64   0.513341            0.360657            0.152684            
60    -0.6    0.495201            0.366225            0.128977            
61    -0.56   0.474463            0.371854            0.102609            
62    -0.52   0.451266            0.377464            0.0738016           
63    -0.48   0.425758            0.382978            0.0427791           
64    -0.44   0.398091            0.388324            0.00976624          
65    -0.4    0.368424            0.393436            0.0250112           
66    -0.36   0.336923            0.39825             0.0613273           
67    -0.32   0.303755            0.402712            0.0989564           
68    -0.28   0.269096            0.40677             0.137674            
69    -0.24   0.233121            0.410379            0.177258            
70    -0.2    0.196013            0.4135              0.217487            
71    -0.16   0.157956            0.4161              0.258143            
72    -0.12   0.119137            0.41815             0.299013            
73    -0.08   0.0797441           0.41963             0.339886            
74    -0.04   0.039968            0.420524            0.380556            
75    0       0                   0.420824            0.420824            
76    0.04    0.039968            0.420524            0.380556            
77    0.08    0.0797441           0.41963             0.339886            
78    0.12    0.119137            0.41815             0.299013            
79    0.16    0.157956            0.4161              0.258143            
80    0.2     0.196013            0.4135              0.217487            
81    0.24    0.233121            0.410379            0.177258            
82    0.28    0.269096            0.40677             0.137674            
83    0.32    0.303755            0.402712            0.0989564           
84    0.36    0.336923            0.39825             0.0613273           
85    0.4     0.368424            0.393436            0.0250112           
86    0.44    0.398091            0.388324            0.00976624          
87    0.48    0.425758            0.382978            0.0427791           
88    0.52    0.451266            0.377464            0.0738016           
89    0.56    0.474463            0.371854            0.102609            
90    0.6     0.495201            0.366225            0.128977            
91    0.64    0.513341            0.360657            0.152684            
92    0.68    0.528749            0.355237            0.173513            
93    0.72    0.5413              0.350054            0.191246            
94    0.76    0.550875            0.345203            0.205672            
95    0.8     0.557365            0.340781            0.216585            
96    0.84    0.560669            0.336888            0.223781            
97    0.88    0.560693            0.333628            0.227065            
98    0.92    0.557355            0.331108            0.226247            
99    0.96    0.550579            0.329436            0.221144            
100   1       0.540302            0.328723            0.21158             
101   1.04    0.526469            0.329081            0.197388            
102   1.08    0.509035            0.330624            0.17841             
103   1.12    0.487964            0.333467            0.154497            
104   1.16    0.463234            0.337724            0.12551             
105   1.2     0.434829            0.34351             0.0913189           
106   1.24    0.402747            0.35094             0.0518072           
107   1.28    0.366995            0.360127            0.00686848          
108   1.32    0.327592            0.371183            0.0435913           
109   1.36    0.284565            0.384218            0.0996534           
110   1.4     0.237954            0.39934             0.161386            
111   1.44    0.18781             0.416654            0.228844            
112   1.48    0.134194            0.436261            0.302067            
113   1.52    0.0771772           0.458258            0.381081            
114   1.56    0.0168419           0.482738            0.465896            
115   1.6     0.0467192           0.509789            0.46307             
116   1.64    0.113403            0.539491            0.426088            
117   1.68    0.183098            0.571921            0.388823            
118   1.72    0.255679            0.607146            0.351467            
119   1.76    0.331015            0.645227            0.314212            
120   1.8     0.408964            0.686215            0.277251            
121   1.84    0.489374            0.730154            0.24078             
122   1.88    0.572084            0.777076            0.204992            
123   1.92    0.656927            0.827004            0.170077            
124   1.96    0.743725            0.87995             0.136225            
125   2       0.832294            0.935913            0.103619            
126   2.04    0.922439            0.994879            0.0724398           
127   2.08    1.01396             1.05682             0.0428591           
128   2.12    1.10666             1.1217              0.0150425           
129   2.16    1.20031             1.18946             0.0108534           
130   2.2     1.2947              1.26002             0.0346823           
131   2.24    1.38961             1.3333              0.0563089           
132   2.28    1.4848              1.40919             0.075611            
133   2.32    1.58005             1.48757             0.0924803           
134   2.36    1.67511             1.56829             0.106824            
135   2.4     1.76974             1.65118             0.118566            
136   2.44    1.86371             1.73606             0.127648            
137   2.48    1.95676             1.82272             0.134033            
138   2.52    2.04864             1.91093             0.137705            
139   2.56    2.13911             2.00044             0.138669            
140   2.6     2.22791             2.09095             0.136957            
141   2.64    2.3148              2.18217             0.132625            
142   2.68    2.39952             2.27377             0.125756            
143   2.72    2.48183             2.36537             0.116465            
144   2.76    2.56148             2.45658             0.104896            
145   2.8     2.63822             2.547               0.0912252           
146   2.84    2.71182             2.63615             0.0756628           
147   2.88    2.78202             2.72356             0.0584556           
148   2.92    2.8486              2.80871             0.0398873           
149   2.96    2.91133             2.89105             0.0202808           
150   3       2.96998             2.96998             2.30926e-14         

Wezly optymalne n=7
Wartosci w wezlach:
x0: 2.94236             y0: 2.88415
x1: 2.49441             y1: 1.99
x2: 1.66671             y2: 0.159617
x3: 0.585271            y3: 0.48786
x4: -0.585271           y4: 0.48786
x5: -1.66671            y5: 0.159617
x6: -2.49441            y6: 1.99
x7: -2.94236            y7: 2.88415

Wartosci w 150 wezlach
i     x       f(x)                L(x)                error
0     -3      2.96998             2.88274             0.0872366           
1     -2.96   2.91133             2.88811             0.0232189           
2     -2.92   2.8486              2.87396             0.0253618           
3     -2.88   2.78202             2.84239             0.0603672           
4     -2.84   2.71182             2.79535             0.0835375           
5     -2.8    2.63822             2.73472             0.096495            
6     -2.76   2.56148             2.66223             0.100749            
7     -2.72   2.48183             2.57953             0.097698            
8     -2.68   2.39952             2.48816             0.0886374           
9     -2.64   2.3148              2.38956             0.0747597           
10    -2.6    2.22791             2.28507             0.0571606           
11    -2.56   2.13911             2.17595             0.0368423           
12    -2.52   2.04864             2.06336             0.0147175           
13    -2.48   1.95676             1.94837             0.00838695          
14    -2.44   1.86371             1.83198             0.0317261           
15    -2.4    1.76974             1.71511             0.0546333           
16    -2.36   1.67511             1.59859             0.0765167           
17    -2.32   1.58005             1.48319             0.0968554           
18    -2.28   1.4848              1.36961             0.115196            
19    -2.24   1.38961             1.25846             0.13115             
20    -2.2    1.2947              1.15031             0.144388            
21    -2.16   1.20031             1.04567             0.15464             
22    -2.12   1.10666             0.94497             0.161688            
23    -2.08   1.01396             0.848596            0.165366            
24    -2.04   0.922439            0.756882            0.165557            
25    -2      0.832294            0.670107            0.162186            
26    -1.96   0.743725            0.588503            0.155222            
27    -1.92   0.656927            0.512256            0.144672            
28    -1.88   0.572084            0.441507            0.130577            
29    -1.84   0.489374            0.376359            0.113015            
30    -1.8    0.408964            0.316873            0.0920907           
31    -1.76   0.331015            0.263077            0.0679385           
32    -1.72   0.255679            0.214962            0.0407171           
33    -1.68   0.183098            0.17249             0.0106081           
34    -1.64   0.113403            0.13559             0.0221869           
35    -1.6    0.0467192           0.104168            0.0574484           
36    -1.56   0.0168419           0.0780996           0.0612577           
37    -1.52   0.0771772           0.057241            0.0199362           
38    -1.48   0.134194            0.041425            0.0927691           
39    -1.44   0.18781             0.0304654           0.157345            
40    -1.4    0.237954            0.0241586           0.213795            
41    -1.36   0.284565            0.0222849           0.26228             
42    -1.32   0.327592            0.0246109           0.302981            
43    -1.28   0.366995            0.0308908           0.336105            
44    -1.24   0.402747            0.0408682           0.361879            
45    -1.2    0.434829            0.054278            0.380551            
46    -1.16   0.463234            0.0708474           0.392386            
47    -1.12   0.487964            0.0902979           0.397666            
48    -1.08   0.509035            0.112347            0.396688            
49    -1.04   0.526469            0.136708            0.389761            
50    -1      0.540302            0.163094            0.377208            
51    -0.96   0.550579            0.191218            0.359361            
52    -0.92   0.557355            0.220793            0.336561            
53    -0.88   0.560693            0.251535            0.309158            
54    -0.84   0.560669            0.283163            0.277506            
55    -0.8    0.557365            0.315401            0.241965            
56    -0.76   0.550875            0.347978            0.202898            
57    -0.72   0.5413              0.38063             0.16067             
58    -0.68   0.528749            0.413101            0.115648            
59    -0.64   0.513341            0.445144            0.0681975           
60    -0.6    0.495201            0.47652             0.0186814           
61    -0.56   0.474463            0.507002            0.0325387           
62    -0.52   0.451266            0.536372            0.085106            
63    -0.48   0.425758            0.564426            0.138668            
64    -0.44   0.398091            0.590971            0.19288             
65    -0.4    0.368424            0.615828            0.247404            
66    -0.36   0.336923            0.638831            0.301908            
67    -0.32   0.303755            0.659828            0.356073            
68    -0.28   0.269096            0.678683            0.409587            
69    -0.24   0.233121            0.695273            0.462152            
70    -0.2    0.196013            0.709493            0.51348             
71    -0.16   0.157956            0.721252            0.563296            
72    -0.12   0.119137            0.730476            0.611339            
73    -0.08   0.0797441           0.737106            0.657361            
74    -0.04   0.039968            0.7411              0.701132            
75    0       0                   0.742434            0.742434            
76    0.04    0.039968            0.7411              0.701132            
77    0.08    0.0797441           0.737106            0.657361            
78    0.12    0.119137            0.730476            0.611339            
79    0.16    0.157956            0.721252            0.563296            
80    0.2     0.196013            0.709493            0.51348             
81    0.24    0.233121            0.695273            0.462152            
82    0.28    0.269096            0.678683            0.409587            
83    0.32    0.303755            0.659828            0.356073            
84    0.36    0.336923            0.638831            0.301908            
85    0.4     0.368424            0.615828            0.247404            
86    0.44    0.398091            0.590971            0.19288             
87    0.48    0.425758            0.564426            0.138668            
88    0.52    0.451266            0.536372            0.085106            
89    0.56    0.474463            0.507002            0.0325387           
90    0.6     0.495201            0.47652             0.0186814           
91    0.64    0.513341            0.445144            0.0681975           
92    0.68    0.528749            0.413101            0.115648            
93    0.72    0.5413              0.38063             0.16067             
94    0.76    0.550875            0.347978            0.202898            
95    0.8     0.557365            0.315401            0.241965            
96    0.84    0.560669            0.283163            0.277506            
97    0.88    0.560693            0.251535            0.309158            
98    0.92    0.557355            0.220793            0.336561            
99    0.96    0.550579            0.191218            0.359361            
100   1       0.540302            0.163094            0.377208            
101   1.04    0.526469            0.136708            0.389761            
102   1.08    0.509035            0.112347            0.396688            
103   1.12    0.487964            0.0902979           0.397666            
104   1.16    0.463234            0.0708474           0.392386            
105   1.2     0.434829            0.054278            0.380551            
106   1.24    0.402747            0.0408682           0.361879            
107   1.28    0.366995            0.0308908           0.336105            
108   1.32    0.327592            0.0246109           0.302981            
109   1.36    0.284565            0.0222849           0.26228             
110   1.4     0.237954            0.0241586           0.213795            
111   1.44    0.18781             0.0304654           0.157345            
112   1.48    0.134194            0.041425            0.0927691           
113   1.52    0.0771772           0.057241            0.0199362           
114   1.56    0.0168419           0.0780996           0.0612577           
115   1.6     0.0467192           0.104168            0.0574484           
116   1.64    0.113403            0.13559             0.0221869           
117   1.68    0.183098            0.17249             0.0106081           
118   1.72    0.255679            0.214962            0.0407171           
119   1.76    0.331015            0.263077            0.0679385           
120   1.8     0.408964            0.316873            0.0920907           
121   1.84    0.489374            0.376359            0.113015            
122   1.88    0.572084            0.441507            0.130577            
123   1.92    0.656927            0.512256            0.144672            
124   1.96    0.743725            0.588503            0.155222            
125   2       0.832294            0.670107            0.162186            
126   2.04    0.922439            0.756882            0.165557            
127   2.08    1.01396             0.848596            0.165366            
128   2.12    1.10666             0.94497             0.161688            
129   2.16    1.20031             1.04567             0.15464             
130   2.2     1.2947              1.15031             0.144388            
131   2.24    1.38961             1.25846             0.13115             
132   2.28    1.4848              1.36961             0.115196            
133   2.32    1.58005             1.48319             0.0968554           
134   2.36    1.67511             1.59859             0.0765167           
135   2.4     1.76974             1.71511             0.0546333           
136   2.44    1.86371             1.83198             0.0317261           
137   2.48    1.95676             1.94837             0.00838695          
138   2.52    2.04864             2.06336             0.0147175           
139   2.56    2.13911             2.17595             0.0368423           
140   2.6     2.22791             2.28507             0.0571606           
141   2.64    2.3148              2.38956             0.0747597           
142   2.68    2.39952             2.48816             0.0886374           
143   2.72    2.48183             2.57953             0.097698            
144   2.76    2.56148             2.66223             0.100749            
145   2.8     2.63822             2.73472             0.096495            
146   2.84    2.71182             2.79535             0.0835375           
147   2.88    2.78202             2.84239             0.0603672           
148   2.92    2.8486              2.87396             0.0253618           
149   2.96    2.91133             2.88811             0.0232189           
150   3       2.96998             2.88274             0.0872366           
